5
5
5
5
5
5
5
5
5
5
5
5
5
5
5
5
5
5
5
5
5
5
5
5
5
5
5
5
5
5
5
5
5
5
5
3
3
5
3
5
5
3
3
3
3
3
3
5
5
3
5
3
3
3
3
5
5
3
3
3
3
5
3
5
3
5
5
5
3
5
3
12
3
12
12
3
3
12
12
5
12
3
12
12
12
3
12
12
12
12
5
12
12
5
12
3
12
12
12
3
12
12
12
12
12
12
5
12
10
12
3
10
5
10
10
12
12
10
3
10
12
10
10
10
10
10
10
10
5
10
12
10
10
12
10
10
10
12
10
10
7
10
7
7
7
7
7
7
7
7
10
12
7
5
7
10
10
10
7
3
10
7
7
7
10
7
3
7
5
10
5
7
7
7
7
0
0
0
0
10
12
12
0
7
10
0
0
12
3
0
12
12
0
10
10
0
7
0
7
5
0
0
0
7
0
10
3
0
7
0
0
4
0
10
0
0
12
4
4
4
4
4
4
3
4
4
0
0
12
7
0
4
4
4
0
10
4
4
4
10
4
0
3
4
7
0
7
6
0
4
4
0
10
6
4
6
6
10
0
7
6
6
10
6
6
4
6
6
6
3
6
6
4
6
7
6
10
4
10
6
8
8
6
7
8
6
7
8
10
8
8
12
3
8
8
6
10
4
8
10
8
7
8
0
5
8
6
4
6
8
8
4
12
8
7
6
12
6
2
6
2
8
2
2
2
8
2
0
2
4
2
2
2
7
2
8
8
2
4
2
2
2
2
6
4
10
2
8
8
2
1
1
8
1
2
8
0
1
1
2
8
1
4
1
1
1
6
0
8
1
2
0
1
1
1
2
4
8
1
8
8
6
2
1
1
1
13
8
2
13
13
13
7
0
13
2
13
2
1
13
13
1
13
1
1
1
13
13
13
13
1
1
8
1
8
13
0
0
6
8
9
1
2
13
6
9
8
2
9
9
2
9
9
9
9
13
9
9
9
9
1
9
2
9
9
9
4
9
8
9
9
1
0
9
9
0
11
11
11
11
2
11
9
13
11
11
13
8
2
11
11
9
9
11
11
11
11
9
11
1
8
2
11
9
6
11
8
9
4
11
2
9
11
11
4
13
2
11
9
13
2
9
11
11
9
13
9
2
6
9
8
1
9
13
4
11
6
11
1
13
9
1
11
9
11
13
2
9
9
8
11
6
8
6
11
9
11
8
1
6
9
4
13
13
9
11
9
13
9
8
13
11
11
11
11
9
1
9
9
11
8
9
2
11
1
9
1
9
11
1
11
9
13
11
11
1
11
9
9
13
11
11
11
9
1
11
9
13
11
13
9
11
13
2
9
9
9
11
2
9
11
9
9
13
11
11
13
11
11
11
11
13
13
1
8
13
